0 1 1
0 1 1
58 87 29
45 1 46
114 73 157
60 106 98
15 54 45
24 57 45
83 127 112
8 45 39
46 61 107
31 71 76
18 80 68
0 4 4
64 1 65
0 13 13
63 83 112
0 47 47
6 25 23
9 58 55
11 50 47
15 74 65
42 89 91
26 77 65
33 64 73
110 32 130
15 75 76
4 27 23
93 164 165
82 111 137
97 90 145
62 62 74
13 50 45
21 60 51
22 92 82
38 92 82
5 70 69
39 96 125
3 4 1
0 1 1
0 1 1
13 54 47
42 66 48
6 40 36
23 56 45
6 45 41
20 75 65
0 35 35
31 80 65
21 71 66
2 37 35
0 1 1
91 160 143
0 1 1
27 66 59
88 89 131
46 87 85
96 126 114
16 53 47
19 56 47
39 81 70
8 87 81
64 118 116
76 90 64
22 23 1
20 1 21
0 1 1
13 54 47
61 64 105
34 60 44
13 50 43
60 84 66
8 47 41
6 45 41
40 89 71
16 77 69
8 18 26
104 137 69
0 8 8
92 35 121
82 168 156
13 52 47
12 37 25
9 58 55
18 55 49
21 54 45
8 91 85
9 70 65
0 21 21
5 13 14
0 4 4
3 4 7
0 1 1
39 105 102
4 68 64
0 7 7
14 33 39
0 1 1
0 8 8
0 8 8
24 57 53
0 53 53
17 86 97
11 42 45
0 27 27
46 117 105
0 5 5
7 22 23
0 4 4
0 1 1
0 9 9
0 39 39
35 121 114
0 61 61
14 87 85
0 58 58
0 14 14
0 16 16
44 61 97
10 1 11
3 12 15
0 8 8
7 1 8
46 97 53
5 1 6
0 1 1
0 1 1
0 8 8
0 7 7
14 27 13
0 11 11
0 1 1
0 1 1
0 8 8
29 45 46
0 1 1
0 6 6
0 1 1
7 1 8
0 1 1
0 1 1
14 18 18
0 1 1
0 15 15
0 9 9
0 1 1
0 24 24
5 53 52
0 6 6
0 1 1
26 73 61
0 1 1
2 10 8
0 58 58
0 15 15
7 21 20
5 1 6
7 8 1
0 1 1
0 15 15
0 1 1
0 1 1
80 126 154
0 1 1
0 8 8
51 61 70
0 1 1
0 1 1
58 101 109
0 30 30
0 39 39
3 4 7
3 1 4
0 89 89
6 25 19
0 7 7
7 24 21
0 1 1
3 4 7
15 96 87
0 9 9
5 50 55
0 26 26
17 1 18
0 4 4
3 4 7
0 10 10
0 5 5
0 4 4
21 48 45
0 1 1
0 36 36
0 1 1
0 54 54
0 1 1
13 45 46
0 6 6
0 37 37
64 1 65
0 10 10
0 9 9
0 9 9
6 1 7
0 1 1
0 1 1
8 6 6
11 28 25
0 23 23
20 18 20
12 1 13
0 1 1
20 84 64
44 64 76
11 16 17
40 48 46
0 1 1
3 1 4
26 32 28
30 78 68
6 4 10
0 1 1
0 17 17
0 1 1
11 43 44
0 1 1
10 12 6
0 1 1
0 1 1
0 1 1
0 15 15
7 49 50
0 1 1
0 6 6
0 10 10
0 1 1
0 1 1
27 64 59
0 1 1
0 1 1
0 4 4
0 22 22
0 6 6
0 1 1
0 1 1
14 29 25
0 17 17
12 25 13
5 6 1
3 4 7
0 20 20
0 8 8
0 20 20
0 4 4
22 73 83
14 1 15
0 1 1
1 2 3
0 33 33
0 8 8
11 16 13
0 8 8
0 27 27
0 8 8
0 1 1
8 25 29
0 15 15
17 1 18
0 1 1
0 46 46
0 33 33
10 58 64
8 16 14
0 58 58
3 4 7
6 2 8
0 1 1
4 43 39
52 103 77
0 4 4
9 58 59
5 15 10
10 8 16
5 6 1
0 1 1
0 4 4
0 1 1
0 1 1
0 1 1
69 1 70
0 1 1
0 1 1
0 1 1
0 1 1
0 1 1
9 38 33
4 27 31
0 1 1
0 8 8
6 32 30
0 10 10
11 12 9
0 1 1
0 1 1
0 1 1
32 33 1
0 4 4
26 44 38
0 10 10
0 1 1
0 1 1
0 13 13
0 6 6
9 10 1
0 9 9
6 17 17
7 1 8
0 4 4
6 24 26
0 1 1
0 23 23
0 1 1
0 5 5
34 76 76
0 1 1
0 11 11
0 5 5
3 4 7
42 49 91
6 73 69
2 49 51
69 119 92
3 4 7
3 4 7
2 6 8
34 111 107
0 39 39
34 61 27
19 60 67
0 1 1
0 1 1
7 28 29
39 14 43
7 8 1
0 1 1
6 7 1
0 46 46
16 61 77
0 1 1
2 34 36
0 1 1
3 7 4
17 8 15
0 10 10
0 10 10
4 14 10
10 38 34
72 95 109
0 1 1
0 1 1
0 1 1
0 16 16
0 23 23
0 1 1
0 1 1
0 1 1
0 1 1
34 60 68
7 8 11
11 26 21
0 5 5
14 38 30
16 48 48
0 1 1
5 6 1
12 33 27
3 1 4
5 12 13
0 6 6
28 44 48
0 43 43
0 2 2
0 1 1
4 11 11
5 6 7
57 57 88
31 100 103
14 34 40
0 7 7
33 43 44
0 1 1
0 1 1
0 1 1
0 1 1
18 51 43
0 8 8
7 1 8
0 1 1
2 8 8
0 4 4
0 1 1
3 12 15
0 1 1
0 1 1
0 5 5
4 76 72
0 1 1
2 34 32
2 34 36
0 8 8
2 14 16
0 70 70
8 65 57
16 75 59
0 19 19
5 1 6
0 13 13
3 4 7
10 22 20
3 4 7
19 50 57
0 1 1
10 1 11
0 33 33
0 46 46
0 51 51
14 56 70
0 1 1
0 50 50
0 34 34
0 10 10
2 32 34
0 10 10
20 28 38
0 48 48
0 1 1
92 73 121
6 14 8
5 1 6
0 8 8
3 1 4
0 1 1
0 15 15
0 1 1
22 69 75
5 1 6
0 12 12
3 1 4
11 24 21
0 1 1
0 1 1
2 12 12
0 33 33
2 14 12
7 13 18
2 26 26
0 4 4
9 40 39
0 4 4
0 1 1
0 2 2
6 13 13
5 5 8
17 33 34
0 1 1
50 96 74
38 54 68
2 4 6
14 1 15
0 1 1
5 1 6
0 4 4
51 61 70
0 6 6
0 1 1
13 1 14
13 41 50
0 4 4
0 1 1
39 58 21
49 107 96
39 14 43
0 26 26
3 4 7
0 51 51
0 1 1
64 88 76
0 1 1
0 8 8
51 59 102
0 1 1
0 39 39
0 7 7
4 11 11
0 1 1
14 33 39
0 6 6
3 4 7
4 10 8
5 1 6
3 4 7
0 29 29
0 51 51
0 70 70
2 33 31
0 11 11
93 142 133
17 25 30
2 38 36
1 2 3
0 9 9
5 1 6
0 1 1
0 1 1
9 1 10
14 1 15
3 7 10
5 1 6
7 16 17
12 1 13
0 1 1
0 1 1
0 7 7
0 1 1
0 1 1
0 1 1
29 45 48
5 6 9
4 51 49
4 69 65
9 22 21
0 1 1
0 1 1
0 1 1
0 1 1
0 25 25
13 1 14
9 1 10
12 20 26
0 1 1
0 1 1
0 1 1
25 59 70
0 15 15
0 8 8
110 154 156
0 1 1
0 8 8
0 1 1
0 1 1
10 36 36
0 1 1
0 1 1
0 1 1
0 1 1
0 9 9
5 15 20
5 6 1
3 4 7
0 40 40
0 23 23
0 41 41
0 9 9
11 78 71
0 31 31
0 102 102
3 4 7
3 41 42
67 91 112
29 87 98
33 74 67
20 32 46
0 4 4
2 67 69
0 51 51
0 1 1
0 28 28
0 36 36
0 46 46
0 47 47
0 30 30
10 11 1
2 53 53
0 10 10
0 1 1
2 45 43
0 9 9
0 4 4
0 4 4
0 8 8
0 4 4
0 1 1
4 31 29
0 4 4
0 1 1
0 1 1
0 4 4
43 28 35
7 8 1
18 66 64
0 27 27
0 1 1
0 1 1
10 24 16
24 33 41
3 1 4
3 1 4
5 9 8
10 6 8
12 35 33
0 1 1
0 1 1
0 1 1
0 1 1
0 1 1
2 12 10
0 6 6
0 1 1
34 39 51
0 1 1
0 15 15
17 38 35
0 1 1
0 1 1
7 31 32
0 1 1
0 4 4
0 1 1
0 1 1
0 1 1
0 1 1
9 43 40
0 5 5
10 15 17
3 4 7
3 4 7
13 34 29
28 83 75
39 89 84
0 1 1
24 37 55
26 70 72
0 5 5
0 27 27
6 1 7
0 1 1
0 1 1
0 7 7
0 7 7
0 22 22
14 7 17
0 8 8
0 17 17
0 1 1
10 11 1
0 30 30
0 1 1
2 53 53
24 104 108
3 4 7
8 9 1
3 1 4
49 105 88
12 1 13
0 1 1
0 4 4
28 57 47
0 1 1
0 22 22
0 1 1
0 1 1
0 4 4
0 4 4
0 38 38
2 12 10
0 4 4
0 1 1
0 1 1
0 1 1
9 1 10
8 57 57
0 1 1
22 20 42
17 31 22
0 1 1
0 1 1
52 58 110
0 1 1
0 1 1
6 62 64
7 8 7
0 29 29
0 1 1
7 1 8
4 43 39
2 10 8
4 4 8
42 44 14
0 1 1
0 1 1
6 46 40
0 6 6
0 1 1
0 1 1
21 59 58
0 1 1
0 10 10
164 32 196
0 6 6
0 22 22
0 36 36
35 76 101
2 13 11
0 6 6
0 23 23
29 82 81
3 4 7
18 41 39
2 11 9
13 77 72
22 23 1
0 4 4
3 4 7
16 77 79
0 35 35
0 34 34
7 101 106
10 11 1
0 51 51
0 44 44
0 51 51
0 1 1
4 50 46
0 9 9
75 122 163
0 23 23
3 4 7
0 9 9
3 4 7
0 1 1
0 1 1
8 37 39
13 61 58
0 19 19
0 9 9
0 1 1
20 4 24
0 4 4
0 1 1
16 54 46
21 1 22
0 27 27
0 1 1
0 1 1
0 1 1
16 69 71
81 130 129
45 46 1
0 1 1
0 15 15
4 38 40
21 1 22
0 1 1
4 4 8
0 1 1
14 48 44
5 6 7
10 27 31
0 1 1
0 1 1
0 1 1
0 4 4
2 35 33
15 1 16
0 24 24
10 34 24
0 1 1
11 13 24
0 1 1
0 1 1
12 41 29
0 13 13
4 48 52
5 26 27
3 12 13
0 33 33
33 82 81
2 84 82
0 52 52
0 4 4
3 4 7
2 16 18
0 8 8
20 56 76
19 37 36
0 4 4
0 29 29
0 28 28
0 28 28
0 1 1
2 27 27
5 17 18
3 4 7
56 1 57
3 4 7
0 1 1
43 117 112
12 91 85
0 1 1
12 69 79
0 55 55
3 4 7
0 1 1
9 13 10
0 6 6
17 10 21
0 1 1
5 8 11
9 8 17
131 146 37
7 1 8
0 1 1
0 8 8
0 1 1
0 4 4
96 153 153
0 12 12
0 8 8
0 1 1
0 1 1
0 1 1
31 41 30
0 1 1
3 1 4
10 12 14
0 7 7
0 1 1
0 1 1
0 1 1
0 1 1
0 4 4
0 4 4
0 10 10
0 1 1
3 1 4
11 49 48
0 1 1
0 11 11
0 8 8
0 4 4
0 1 1
32 6 38
5 10 5
5 6 1
0 17 17
0 30 30
0 1 1
0 1 1
0 1 1
33 55 48
75 34 99
4 27 23
0 1 1
12 10 22
0 1 1
4 27 23
0 1 1
2 14 12
0 9 9
0 1 1
8 1 9
44 3 47
0 1 1
0 1 1
7 1 8
0 1 1
7 1 8
13 14 1
18 1 19
12 79 75
0 1 1
7 1 8
23 56 49
5 8 9
22 21 43
34 59 49
0 1 1
0 6 6
0 5 5
0 4 4
33 20 25
38 79 85
42 52 20
9 1 10
25 58 53
12 1 13
0 1 1
33 20 25
34 43 53
0 13 13
0 15 15
11 12 1
0 1 1
0 1 1
65 8 69
0 7 7
96 89 115
0 1 1
0 1 1
9 1 10
0 1 1
2 21 19
0 10 10
6 33 29
8 6 6
0 15 15
0 1 1
20 83 73
19 40 31
0 1 1
14 28 22
23 21 36
55 147 198
0 1 1
23 46 41
0 8 8
0 1 1
10 53 45
0 4 4
19 7 18
17 38 43
0 1 1
6 20 20
3 47 44
0 1 1
35 66 51
0 1 1
5 1 6
5 1 6
26 50 72
30 38 50
34 71 47
49 71 80
44 1 45
91 136 135
23 20 17
2 9 9
0 1 1
0 21 21
0 1 1
170 149 145
0 1 1
24 39 43
0 1 1
0 6 6
0 1 1
16 21 31
89 237 192
5 6 1
4 16 16
0 1 1
0 4 4
2 26 24
0 1 1
5 6 1
0 1 1
9 1 10
0 6 6
0 7 7
0 32 32
36 4 36
13 21 22
28 15 33
18 1 19
0 1 1
0 1 1
0 1 1
3 4 1
0 1 1
0 15 15
0 1 1
11 1 12
0 1 1
165 245 176
0 1 1
4 16 16
0 1 1
0 20 20
8 1 9
0 9 9
2 31 33
8 6 6
0 1 1
138 195 179
0 1 1
0 1 1
0 8 8
7 20 21
0 1 1
35 67 70
2 9 9
135 33 168
22 34 38
37 1 38
3 1 4
74 39 113
0 1 1
46 78 80
0 1 1
51 89 58
102 136 120
2 14 14
37 31 44
27 88 65
0 20 20
0 1 1
0 21 21
48 42 84
2 37 35
0 9 9
0 18 18
0 1 1
25 46 29
0 10 10
11 30 19
0 8 8
0 1 1
32 29 39
0 1 1
43 15 52
3 4 1
0 4 4
12 53 49
49 1 50
0 1 1
9 1 10
47 48 27
12 54 46
4 16 16
2 33 31
11 56 49
13 22 17
0 1 1
2 57 55
0 1 1
16 34 40
77 1 78
3 4 1
0 34 34
0 1 1
0 1 1
2 9 9
0 1 1
0 1 1
0 1 1
30 31 1
0 12 12
0 1 1
0 1 1
0 1 1
7 12 11
0 11 11
0 1 1
0 9 9
6 52 50
0 20 20
9 31 28
0 9 9
7 1 8
2 31 29
13 28 27
40 41 81
16 49 45
0 13 13
11 48 47
16 24 8
19 17 6
0 1 1
0 9 9
0 1 1
40 107 91
74 24 78
46 11 43
0 1 1
10 1 11
0 1 1
7 1 8
0 1 1
0 1 1
9 5 8
15 6 15
2 6 8
28 32 6
0 1 1
9 1 10
9 16 25
0 1 1
11 12 13
2 10 8
2 14 12
0 33 33
0 1 1
41 101 74
0 1 1
7 32 33
0 1 1
150 162 186
0 1 1
94 77 131
0 1 1
2 14 16
51 54 79
0 1 1
34 35 53
57 66 73
10 71 61
50 97 111
0 16 16
0 10 10
0 25 25
0 1 1
9 1 10
0 9 9
0 1 1
0 1 1
2 51 51
0 21 21
0 1 1
55 1 56
0 9 9
0 1 1
0 1 1
0 1 1
0 1 1
0 1 1
0 1 1
0 1 1
8 9 17
22 81 89
0 1 1
2 31 31
15 31 24
0 1 1
2 18 16
2 26 24
5 1 6
5 1 6
4 20 16
80 97 101
5 34 29
0 9 9
8 9 9
0 12 12
0 1 1
10 46 36
2 58 56
43 65 64
0 1 1
0 1 1
71 1 72
0 13 13
2 35 33
0 30 30
176 49 221
143 64 207
68 167 155
7 112 111
0 12 12
0 12 12
13 70 83
24 115 127
61 110 83
0 1 1
24 1 25
63 102 97
2 23 21
44 23 53
143 69 206
35 63 78
7 8 9
0 37 37
4 51 47
0 27 27
0 9 9
84 78 160
0 1 1
0 1 1
0 1 1
2 39 41
6 9 13
7 10 17
11 78 81
0 1 1
56 145 121
45 34 53
0 1 1
60 118 144
0 36 36
0 1 1
0 5 5
0 1 1
0 1 1
74 109 137
0 12 12
7 22 23
2 29 27
0 7 7
0 25 25
0 1 1
4 66 68
0 27 27
11 60 59
0 7 7
0 1 1
0 10 10
14 45 43
29 46 59
0 30 30
0 30 30
0 51 51
6 61 57
0 12 12
0 12 12
25 45 40
0 21 21
0 8 8
0 1 1
4 100 96
13 92 89
37 82 65
12 82 82
148 36 184
0 1 1
33 117 128
9 56 65
10 73 73
2 17 15
34 31 31
35 30 65
5 1 6
0 6 6
2 9 11
0 1 1
0 47 47
0 25 25
0 15 15
5 1 6
8 9 1
2 38 40
0 1 1
0 29 29
12 32 32
4 25 29
0 1 1
10 14 20
0 9 9
0 23 23
36 91 111
11 92 87
0 1 1
53 56 99
0 7 7
0 1 1
0 1 1
0 1 1
0 1 1
29 62 69
0 5 5
0 1 1
0 1 1
0 30 30
108 152 52
106 211 229
57 68 93
65 184 177
15 57 58
85 118 187
0 12 12
0 12 12
0 1 1
67 152 151
0 20 20
10 94 94
12 17 11
35 65 52
56 123 103
12 41 47
6 84 86
7 55 48
10 30 32
3 4 7
0 1 1
12 95 103
64 144 140
2 12 12
0 28 28
0 1 1
0 1 1
31 18 25
2 3 1
11 23 24
0 6 6
0 8 8
0 1 1
0 1 1
11 28 27
0 8 8
0 4 4
0 1 1
5 1 6
0 13 13
100 61 155
0 1 1
0 1 1
0 1 1
0 1 1
7 30 29
0 20 20
5 6 1
10 1 11
36 56 82
41 66 95
14 55 69
75 121 102
0 1 1
3 4 1
0 1 1
0 30 30
0 30 30
29 163 162
56 113 131
6 69 65
0 73 73
129 42 167
0 65 65
2 10 8
18 85 83
0 53 53
10 87 97
24 52 58
4 47 43
10 21 25
56 117 119
0 4 4
7 8 9
0 17 17
14 103 107
24 124 148
2 9 9
0 1 1
0 17 17
55 118 123
2 6 8
2 40 42
6 17 23
0 9 9
57 127 120
4 12 10
6 34 28
0 1 1
10 65 59
0 1 1
2 18 16
0 6 6
0 1 1
0 22 22
0 8 8
0 9 9
0 1 1
0 1 1
0 1 1
0 1 1
9 22 27
0 1 1
11 24 21
5 1 6
35 103 98
28 91 83
0 5 5
0 6 6
0 1 1
12 28 28
0 30 30
0 30 30
27 88 107
0 4 4
10 55 47
2 41 43
6 87 83
34 155 157
2 71 69
112 84 196
65 78 123
63 183 158
14 17 29
3 1 4
33 25 52
13 14 1
25 115 128
33 129 152
68 232 242
2 6 4
0 1 1
105 108 205
5 1 6
0 6 6
0 9 9
7 8 7
0 12 12
3 4 7
0 1 1
0 1 1
2 38 40
0 1 1
0 29 29
2 45 43
4 25 29
18 49 63
12 27 21
20 58 62
0 5 5
0 1 1
57 123 124
58 90 76
0 1 1
0 1 1
13 36 47
0 1 1
18 47 47
0 1 1
0 1 1
0 1 1
0 1 1
0 1 1
0 1 1
24 62 68
2 51 51
37 141 114
9 77 84
134 55 189
30 127 129
24 146 148
0 12 12
0 12 12
0 1 1
20 127 115
2 32 32
0 45 45
5 23 22
22 73 85
11 41 44
11 36 37
97 103 200
4 83 87
5 28 29
5 33 34
22 100 106
14 1 15
45 86 83
2 9 9
0 1 1
0 1 1
0 1 1
136 92 176
0 1 1
2 12 12
72 111 91
7 1 8
0 27 27
10 8 4
0 4 4
0 1 1
0 1 1
3 4 1
20 63 59
0 24 24
5 1 6
3 1 4
0 9 9
0 1 1
0 1 1
0 1 1
10 4 12
17 1 18
15 25 32
0 1 1
0 1 1
0 1 1
116 92 162
0 1 1
0 1 1
0 1 1
0 30 30
0 30 30
0 27 27
0 49 49
38 179 203
174 65 221
0 83 83
4 79 83
2 15 13
2 57 55
114 209 257
39 135 152
0 4 4
0 4 4
0 25 25
132 101 169
23 117 128
35 171 190
29 153 170
2 6 4
6 27 23
84 100 184
0 12 12
5 1 6
0 1 1
65 114 161
0 1 1
5 51 52
8 9 1
8 16 18
94 56 106
0 1 1
27 31 10
0 1 1
0 1 1
0 1 1
8 16 8
0 1 1
0 6 6
0 1 1
26 38 42
0 5 5
5 6 1
0 1 1
0 1 1
0 1 1
2 9 9
2 61 63
7 21 22
101 85 92
0 5 5
0 1 1
10 14 10
0 1 1
71 184 211
0 35 35
2 72 70
23 46 45
8 64 58
51 158 151
2 14 12
2 14 12
0 1 1
102 167 175
6 47 43
6 98 94
0 1 1
32 108 122
51 111 138
91 58 147
2 12 10
15 104 103
0 34 34
0 8 8
17 94 85
14 119 133
0 12 12
0 12 12
0 1 1
13 37 34
0 1 1
0 15 15
9 17 16
0 1 1
15 32 39
0 1 1
3 4 7
0 4 4
3 1 4
122 74 154
80 85 51
2 16 18
0 1 1
15 79 82
0 1 1
0 9 9
0 1 1
0 18 18
4 5 1
2 9 9
17 8 15
0 1 1
37 40 65
0 1 1
0 1 1
2 13 13
0 8 8
0 1 1
60 136 156
49 159 144
25 85 82
104 47 151
6 66 62
82 75 157
0 12 12
2 14 12
0 1 1
6 72 74
32 119 123
6 47 43
19 133 122
24 69 87
65 61 126
124 64 184
10 50 40
16 49 45
5 33 34
0 7 7
26 145 163
14 119 133
2 9 9
0 1 1
19 3 22
0 1 1
0 1 1
21 62 59
0 1 1
14 37 41
15 7 18
14 48 50
18 21 25
0 1 1
0 1 1
0 1 1
9 35 44
0 1 1
0 6 6
0 5 5
7 8 1
16 74 78
0 5 5
0 18 18
57 72 83
0 8 8
0 1 1
116 74 110
0 27 27
0 27 27
3 1 4
102 133 129
16 12 10
0 1 1
0 10 10
2 10 8
4 82 78
20 109 113
18 87 101
12 65 57
0 12 12
2 14 12
61 154 135
45 126 129
53 146 123
0 47 47
0 1 1
7 27 32
0 12 12
0 21 21
2 68 66
0 1 1
0 1 1
5 28 29
0 29 29
0 1 1
0 1 1
0 21 21
0 1 1
0 1 1
0 1 1
15 16 1
0 13 13
0 13 13
0 1 1
0 10 10
0 1 1
0 4 4
0 8 8
0 4 4
0 25 25
0 1 1
15 40 49
0 8 8
0 1 1
7 40 37
0 1 1
16 87 89
0 1 1
0 29 29
7 1 8
12 13 1
17 8 15
13 1 14
6 71 67
56 37 77
0 6 6
0 39 39
34 1 35
154 208 182
25 29 20
18 31 49
51 51 102
0 18 18
12 11 15
0 1 1
23 23 32
0 1 1
0 1 1
13 7 20
0 1 1
0 1 1
8 9 1
65 92 123
5 6 1
0 1 1
0 13 13
12 1 13
0 6 6
20 20 36
0 6 6
13 6 13
11 17 16
40 47 69
99 69 122
0 15 15
0 1 1
6 21 17
88 99 91
16 1 17
24 31 43
21 38 37
42 36 42
48 72 42
0 6 6
9 67 60
83 133 158
78 66 102
4 35 35
16 27 13
0 6 6
2 21 19
26 45 43
0 7 7
0 12 12
0 8 8
5 13 14
40 67 67
0 24 24
0 27 27
4 61 59
0 6 6
39 48 59
0 1 1
0 20 20
49 14 55
2 39 39
5 1 6
0 1 1
7 18 19
0 20 20
17 4 15
0 1 1
3 1 4
0 1 1
0 6 6
5 43 46
29 46 37
33 42 37
0 1 1
15 54 55
21 17 34
18 34 38
0 1 1
44 123 125
0 25 25
60 1 61
18 1 19
2 12 10
7 1 8
0 12 12
21 24 33
38 51 43
16 1 17
65 94 85
23 1 24
5 12 7
34 33 57
17 48 35
64 55 75
11 24 23
27 1 28
0 8 8
18 65 63
17 30 15
0 1 1
0 14 14
2 9 11
0 13 13
55 42 71
11 57 58
0 1 1
15 13 28
19 5 18
8 6 6
98 30 116
95 102 105
55 57 70
20 1 21
22 25 27
20 65 65
0 1 1
7 15 8
8 9 1
26 45 61
4 33 37
5 6 1
36 74 82
6 19 17
43 1 44
0 1 1
43 60 67
5 10 11
45 83 78
46 70 66
10 1 11
9 10 1
13 18 25
0 24 24
36 49 55
71 10 77
4 5 1
0 1 1
2 8 10
0 12 12
10 1 11
12 44 32
0 1 1
0 1 1
0 6 6
28 10 30
18 45 37
51 67 80
0 1 1
0 1 1
83 116 57
8 20 20
0 1 1
0 1 1
7 8 1
0 1 1
47 42 61
4 33 37
0 35 35
31 41 10
14 29 35
12 44 38
0 1 1
49 85 108
21 54 35
151 46 181
93 121 134
14 1 15
8 9 1
0 31 31
8 9 1
5 9 6
166 1 167
34 47 51
2 12 12
2 10 12
12 25 25
6 34 34
16 27 17
6 32 26
0 1 1
22 53 57
0 10 10
58 62 70
0 1 1
0 1 1
21 11 28
0 15 15
21 34 37
34 44 52
12 62 50
2 32 30
52 101 101
13 30 27
0 4 4
65 51 68
0 31 31
0 10 10
0 8 8
90 29 89
19 1 20
25 66 63
0 11 11
0 1 1
0 9 9
0 21 21
17 1 18
0 4 4
9 11 12
0 1 1
32 47 57
32 98 88
11 28 23
0 32 32
0 6 6
6 47 49
0 21 21
22 53 73
38 1 39
163 22 145
0 1 1
212 115 277
23 38 49
238 54 274
14 65 59
127 221 224
15 33 28
0 12 12
0 12 12
0 1 1
83 84 129
38 40 58
0 1 1
0 1 1
0 38 38
73 1 74
10 1 11
2 13 11
0 9 9
48 69 51
7 12 19
6 7 9
3 4 1
0 1 1
8 34 32
0 1 1
0 18 18
60 51 111
7 11 4
0 1 1
0 1 1
0 1 1
22 49 35
0 1 1
0 1 1
8 44 40
90 127 135
18 21 29
0 8 8
20 56 60
25 24 29
6 7 7
102 77 179
95 147 156
8 37 41
152 41 185
59 99 94
0 1 1
13 53 50
0 4 4
0 1 1
4 38 34
19 39 58
0 1 1
0 1 1
0 14 14
0 1 1
0 1 1
0 21 21
0 1 1
44 40 58
2 73 73
0 28 28
0 1 1
0 1 1
0 1 1
1 34 35
0 11 11
0 1 1
0 8 8
0 1 1
0 1 1
0 1 1
0 1 1
36 79 71
10 12 22
0 1 1
25 26 29
16 42 42
0 1 1
15 45 42
6 7 7
23 57 74
66 65 67
32 38 54
36 61 75
22 104 110
11 35 42
23 35 48
34 21 33
0 1 1
7 1 8
56 1 57
0 15 15
7 22 21
0 1 1
12 50 60
0 1 1
0 1 1
9 43 40
0 1 1
90 77 75
0 28 28
15 42 57
17 18 1
0 1 1
33 37 56
9 52 47
0 1 1
5 1 6
0 1 1
2 16 14
0 1 1
34 82 98
0 13 13
0 6 6
0 8 8
0 1 1
55 96 81
33 57 62
48 78 90
16 97 97
12 107 119
137 82 207
38 127 107
6 37 33
3 103 100
0 13 13
5 19 24
0 14 14
0 51 51
0 67 67
28 153 147
113 129 114
5 6 1
6 43 41
0 1 1
72 103 61
80 49 81
0 20 20
5 33 28
90 168 140
0 1 1
0 8 8
3 29 26
0 1 1
0 1 1
112 83 179
0 13 13
109 54 145
7 6 13
0 1 1
58 69 113
9 35 38
0 1 1
8 10 8
0 1 1
0 1 1
0 1 1
73 44 109
21 45 28
7 38 39
12 65 65
158 174 212
7 20 21
0 1 1
36 101 101
0 39 39
0 53 53
34 31 41
0 25 25
0 11 11
0 11 11
0 1 1
0 1 1
0 1 1
0 1 1
29 44 43
68 32 72
17 6 15
0 1 1
6 15 21
5 14 19
26 16 32
0 1 1
23 62 67
24 25 1
29 37 46
28 29 1
119 179 180
0 1 1
0 1 1
109 57 166
0 1 1
0 6 6
45 81 62
0 1 1
0 29 29
0 1 1
10 1 11
30 49 45
44 152 166
65 90 155
0 7 7
2 66 64
128 37 143
8 97 101
82 82 156
7 1 8
81 127 156
0 1 1
2 38 36
7 1 8
0 1 1
10 18 8
7 1 8
0 8 8
0 1 1
28 6 34
0 1 1
0 1 1
0 6 6
17 1 18
0 28 28
12 15 17
50 32 56
66 117 115
0 10 10
0 1 1
19 1 20
30 14 28
0 42 42
50 1 51
0 1 1
28 65 63
9 41 44
15 43 54
0 1 1
0 19 19
20 1 21
48 1 49
5 1 6
31 39 52
0 1 1
0 1 1
2 11 9
0 10 10
39 72 65
0 15 15
0 1 1
0 8 8
26 70 62
26 94 110
36 38 58
0 1 1
11 1 12
0 1 1
0 1 1
56 1 57
0 1 1
28 20 38
9 48 49
2 13 11
12 1 13
2 19 21
75 125 70
6 7 9
0 24 24
5 6 1
73 76 9
40 71 59
30 1 31
0 9 9
0 29 29
2 21 19
0 1 1
0 9 9
29 76 89
2 32 30
2 24 22
0 1 1
49 8 55
0 1 1
25 62 65
0 1 1
125 87 196
94 64 158
11 17 20
93 52 131
86 68 138
0 14 14
0 23 23
0 8 8
81 128 137
0 1 1
11 1 12
0 1 1
0 9 9
2 42 44
32 1 33
94 89 143
2 6 4
11 6 9
0 9 9
89 104 137
0 6 6
11 1 12
4 33 29
21 22 1
8 12 12
0 13 13
7 15 8
21 51 60
5 17 18
0 1 1
0 9 9
0 20 20
9 54 57
0 1 1
5 6 1
0 21 21
0 9 9
34 171 137
226 274 230
3 1 4
1 9 10
0 12 12
141 185 180
47 75 66
0 1 1
0 8 8
0 43 43
79 106 157
12 1 13
63 1 64
0 1 1
0 1 1
0 31 31
0 24 24
72 103 61
80 49 81
0 20 20
5 33 28
90 168 140
0 1 1
0 8 8
3 29 26
0 1 1
0 1 1
112 83 179
0 13 13
32 95 87
7 15 8
9 62 71
0 1 1
0 19 19
74 113 145
0 13 13
2 34 36
0 40 40
0 9 9
0 4 4
4 23 27
2 67 65
70 151 161
15 97 98
73 152 173
11 17 20
93 52 131
0 6 6
27 121 112
0 12 12
0 8 8
85 133 176
164 164 244
0 1 1
0 10 10
0 8 8
0 1 1
0 1 1
25 97 88
0 1 1
7 1 8
0 1 1
0 1 1
0 1 1
11 1 12
0 1 1
23 54 39
44 46 52
0 9 9
0 9 9
0 1 1
0 1 1
0 1 1
8 41 49
0 1 1
0 10 10
141 235 202
0 1 1
144 225 231
0 1 1
0 4 4
23 74 67
221 229 202
30 141 137
0 1 1
0 1 1
0 9 9
0 1 1
0 9 9
0 1 1
0 9 9
0 1 1
2 9 9
0 1 1
0 1 1
0 1 1
0 1 1
16 102 110
0 8 8
0 1 1
0 1 1
0 1 1
0 1 1
0 1 1
8 1 9
52 69 53
72 42 80
0 10 10
28 56 66
0 1 1
0 1 1
0 1 1
0 9 9
0 9 9
59 93 128
19 56 53
0 9 9
44 114 148
0 9 9
0 9 9
0 1 1
2 9 9
0 1 1
21 52 55
0 9 9
0 1 1
0 1 1
0 1 1
0 1 1
133 161 196
0 9 9
0 9 9
0 1 1
0 1 1
0 1 1
0 6 6
0 1 1
52 41 59
0 1 1
0 45 45
13 73 78
0 1 1
23 24 1
0 1 1
0 4 4
0 1 1
0 1 1
6 125 119
0 9 9
0 9 9
0 1 1
0 1 1
70 120 174
32 89 95
94 81 175
0 9 9
0 1 1
3 67 68
2 9 9
0 1 1
0 1 1
0 9 9
12 64 72
0 1 1
0 1 1
24 23 47
0 1 1
0 24 24
18 67 77
3 4 1
0 1 1
0 6 6
0 1 1
0 1 1
0 1 1
0 1 1
0 1 1
0 1 1
0 4 4
18 25 27
7 1 8
0 1 1
12 1 13
60 58 118
32 37 61
95 50 123
80 103 173
0 9 9
0 9 9
0 1 1
81 95 156
0 9 9
0 9 9
0 1 1
0 1 1
12 75 71
39 79 76
0 1 1
12 1 13
2 9 9
63 48 83
16 50 54
0 9 9
0 9 9
0 1 1
0 6 6
0 1 1
0 1 1
25 8 25
0 1 1
46 1 47
18 60 60
74 155 125
16 20 30
4 5 1
0 1 1
16 41 41
0 9 9
29 110 115
40 108 108
84 122 128
11 56 47
16 31 47
0 15 15
0 1 1
0 1 1
0 9 9
0 1 1
0 1 1
0 10 10
0 9 9
0 1 1
0 1 1
0 1 1
0 1 1
0 1 1
0 1 1
0 1 1
0 1 1
0 1 1
0 1 1
0 6 6
71 8 71
9 50 47
33 34 1
0 9 9
0 1 1
0 1 1
27 1 28
0 1 1
0 1 1
9 10 1
154 135 289
118 198 190
75 176 177
2 9 9
153 256 211
20 95 103
22 86 108
41 89 114
76 64 100
0 1 1
2 9 9
0 1 1
0 9 9
0 1 1
35 55 86
0 5 5
0 1 1
8 21 17
2 9 9
23 57 54
16 44 48
0 9 9
29 48 67
0 1 1
0 6 6
0 1 1
25 11 36
0 1 1
130 59 181
0 1 1
16 63 71
0 1 1
108 168 126
0 35 35
0 1 1
0 1 1
11 12 1
124 178 140
68 160 154
0 13 13
117 154 139
19 112 121
60 116 140
100 110 144
96 138 174
0 1 1
0 9 9
0 1 1
0 9 9
0 1 1
0 1 1
0 9 9
31 41 18
0 1 1
0 1 1
0 1 1
3 4 1
0 1 1
0 1 1
5 6 1
0 1 1
84 57 125
0 1 1
14 66 76
0 1 1
0 5 5
0 1 1
0 1 1
0 8 8
0 1 1
21 1 22
64 169 107
11 20 29
31 61 64
40 101 101
6 60 56
19 71 66
39 83 84
0 9 9
0 1 1
0 9 9
0 1 1
0 1 1
0 1 1
0 25 25
0 1 1
0 1 1
0 7 7
13 10 17
0 1 1
0 1 1
3 14 11
0 1 1
0 1 1
0 1 1
5 6 1
33 34 1
36 52 58
0 9 9
0 5 5
0 1 1
0 1 1
0 1 1
5 6 1
10 19 9
115 186 135
155 71 222
0 1 1
5 43 42
134 150 264
28 1 29
2 7 9
84 184 194
0 9 9
0 1 1
2 9 9
0 9 9
0 1 1
0 1 1
0 1 1
0 1 1
0 1 1
2 40 38
0 1 1
0 1 1
0 1 1
3 1 4
24 45 37
0 9 9
0 1 1
0 1 1
18 1 19
64 6 64
0 1 1
0 1 1
121 61 162
0 1 1
0 1 1
0 1 1
51 24 67
62 59 105
98 170 152
2 6 4
0 1 1
0 1 1
13 75 80
25 76 65
0 1 1
0 1 1
0 1 1
0 9 9
0 1 1
0 1 1
0 1 1
0 9 9
2 13 15
12 1 13
0 4 4
0 9 9
10 23 33
0 1 1
74 9 83
50 159 117
0 1 1
4 25 21
0 1 1
8 61 53
0 1 1
3 1 4
0 27 27
2 6 4
83 1 84
45 76 81
0 1 1
0 1 1
0 4 4
11 16 13
55 40 69
0 6 6
90 7 95
4 25 21
0 1 1
62 9 63
21 61 50
0 1 1
0 1 1
20 21 1
0 1 1
0 1 1
0 1 1
0 1 1
23 4 27
0 1 1
9 1 10
19 1 20
0 6 6
21 37 56
0 1 1
0 35 35
0 10 10
13 1 14
0 1 1
7 8 1
15 26 31
22 1 23
8 41 33
0 1 1
124 1 125
14 10 20
5 1 6
28 32 48
0 1 1
80 1 81
0 1 1
0 12 12
0 1 1
41 29 64
31 62 55
22 52 40
13 35 28
4 43 41
47 58 75
27 1 28
0 16 16
0 1 1
0 4 4
0 1 1
0 19 19
0 1 1
2 16 14
0 1 1
0 1 1
40 108 86
25 52 73
0 6 6
36 129 117
0 1 1
8 41 33
0 1 1
52 112 84
52 65 21
36 1 37
12 13 1
0 1 1
22 32 54
9 28 27
0 12 12
0 1 1
0 1 1
8 72 72
87 8 95
0 1 1
47 135 144
23 45 40
6 18 12
6 34 32
17 88 85
0 1 1
0 43 43
0 1 1
0 1 1
7 8 1
44 15 51
0 10 10
3 1 4
38 54 60
2 19 17
32 96 82
48 1 49
19 1 20
37 61 56
0 1 1
0 1 1
0 1 1
0 1 1
15 5 14
2 30 32
0 17 17
7 66 59
41 46 45
0 1 1
52 42 80
136 151 133
5 1 6
32 61 93
0 1 1
0 1 1
0 1 1
84 80 76
0 10 10
0 13 13
35 34 41
0 1 1
0 18 18
4 55 53
0 1 1
0 1 1
0 1 1
34 78 70
0 8 8
3 1 4
0 1 1
0 1 1
47 51 22
13 14 1
22 62 50
0 13 13
4 23 19
25 84 81
19 59 58
0 1 1
10 1 11
41 46 45
2 3 1
34 6 40
0 17 17
0 1 1
0 1 1
6 43 37
0 40 40
99 108 9
0 1 1
0 1 1
8 71 67
0 1 1
37 26 53
17 53 36
15 1 16
9 53 52
0 1 1
21 75 74
19 65 66
55 86 95
0 1 1
2 8 6
24 1 25
41 1 42
0 1 1
0 8 8
59 65 64
37 27 64
0 17 17
7 13 14
0 1 1
9 10 1
0 1 1
0 1 1
7 49 46
3 1 4
0 1 1
0 5 5
0 1 1
0 39 39
0 1 1
0 1 1
7 1 8
39 1 40
64 95 113
3 1 4
6 35 39
7 1 8
22 36 32
9 1 10
0 1 1
0 4 4
0 1 1
77 96 101
40 49 79
10 43 41
0 4 4
0 1 1
0 1 1
0 1 1
10 11 1
0 8 8
75 109 92
13 23 28
134 137 9
44 35 53
0 17 17
23 81 100
11 16 13
24 25 1
0 1 1
0 1 1
10 43 33
0 33 33
0 17 17
0 1 1
0 1 1
91 22 111
0 1 1
20 15 29
25 37 50
0 1 1
11 54 59
0 1 1
38 83 83
0 1 1
100 77 133
115 86 95
5 1 6
8 1 9
18 78 78
110 53 163
0 1 1
4 13 17
0 38 38
24 1 25
0 6 6
0 27 27
3 1 4
72 90 82
0 25 25
0 1 1
31 51 68
0 1 1
17 102 85
0 1 1
0 1 1
0 4 4
0 1 1
6 39 33
0 23 23
0 1 1
0 1 1
0 8 8
0 1 1
0 1 1
0 1 1
0 1 1
0 1 1
0 12 12
15 1 16
0 28 28
37 59 54
0 37 37
7 1 8
40 42 58
0 1 1
147 161 136
61 120 105
0 1 1
0 12 12
7 1 8
0 22 22
6 60 60
2 8 10
0 36 36
12 47 39
12 42 38
13 1 14
0 1 1
0 1 1
7 46 41
0 1 1
2 23 21
0 37 37
19 80 69
28 26 46
0 41 41
3 4 1
10 42 40
0 21 21
0 1 1
62 58 98
15 37 36
5 6 1
0 4 4
29 61 68
0 1 1
10 20 10
44 112 96
22 52 40
36 1 37
44 60 104
0 54 54
0 35 35
2 6 4
118 57 153
0 1 1
17 16 17
0 6 6
46 66 98
98 28 126
18 39 33
0 1 1
0 21 21
0 1 1
0 1 1
80 55 71
0 1 1
0 1 1
47 39 84
0 1 1
2 14 12
0 1 1
41 165 128
0 1 1
8 12 4
0 1 1
16 18 24
0 1 1
0 1 1
0 1 1
0 13 13
29 27 42
22 19 29
10 24 20
7 1 8
40 42 58
0 1 1
0 1 1
0 1 1
7 27 28
7 22 23
0 4 4
0 9 9
1 8 9
0 1 1
0 9 9