1.0
1.0
0.5
0.04255319148936165
0.5043478260869565
0.7058823529411764
0.8484848484848485
0.7647058823529411
0.6527196652719665
0.9047619047619048
0.7261904761904762
0.7891156462585034
0.8783783783783784
1.0
0.030303030303030276
1.0
0.676923076923077
1.0
0.875
0.9203539823008849
0.8865979381443299
0.8920863309352518
0.7666666666666666
0.8169014084507042
0.7591240875912408
0.32098765432098764
0.9006622516556292
0.92
0.7173252279635258
0.6693548387096775
0.5872340425531914
0.5441176470588236
0.8631578947368421
0.8108108108108107
0.8735632183908046
0.7816091954022988
0.9640287769784173
0.8235294117647058
0.4
1.0
1.0
0.8712871287128713
0.631578947368421
0.9210526315789473
0.7722772277227723
0.9302325581395349
0.8571428571428572
1.0
0.7862068965517242
0.8467153284671532
0.9722222222222222
1.0
0.6996699669966997
1.0
0.784
0.6
0.7325581395348837
0.6
0.84
0.8155339805825242
0.7417218543046358
0.9523809523809523
0.7264957264957265
0.5064935064935066
0.08333333333333337
0.09090909090909094
1.0
0.8712871287128713
0.6390532544378698
0.6730769230769231
0.8602150537634409
0.6
0.9090909090909091
0.9302325581395349
0.75
0.8904109589041096
0.8181818181818181
0.49514563106796117
1.0
0.41025641025641024
0.7469135802469136
0.8686868686868687
0.8064516129032258
0.9203539823008849
0.8269230769230769
0.7878787878787878
0.9545454545454546
0.9333333333333333
1.0
0.8148148148148149
1.0
0.7272727272727273
1.0
0.8115942028985508
0.9696969696969697
1.0
0.8055555555555556
1.0
1.0
1.0
0.7818181818181819
1.0
0.907103825136612
0.8735632183908046
1.0
0.7927927927927928
1.0
0.8444444444444444
1.0
1.0
1.0
1.0
0.851063829787234
1.0
0.9186046511627907
1.0
1.0
1.0
0.7215189873417722
0.16666666666666663
0.8888888888888888
1.0
0.2222222222222222
0.6933333333333334
0.2857142857142857
1.0
1.0
1.0
1.0
0.65
1.0
1.0
1.0
1.0
0.6813186813186813
1.0
1.0
1.0
0.2222222222222222
1.0
1.0
0.6111111111111112
1.0
1.0
1.0
1.0
1.0
0.9523809523809523
1.0
1.0
0.8059701492537313
1.0
0.8888888888888888
1.0
1.0
0.8292682926829268
0.2857142857142857
0.2222222222222222
1.0
1.0
1.0
1.0
0.7142857142857143
1.0
1.0
0.6106870229007634
1.0
1.0
0.7238095238095238
1.0
1.0
0.7272727272727273
0.4
1.0
0.8636363636363636
1.0
0.8444444444444444
1.0
0.7272727272727273
0.9180327868852459
1.0
0.9523809523809523
1.0
0.10526315789473684
1.0
0.7272727272727273
1.0
1.0
1.0
0.7741935483870968
1.0
1.0
1.0
1.0
1.0
0.8571428571428572
1.0
1.0
0.030303030303030276
1.0
1.0
1.0
0.25
1.0
1.0
0.33333333333333337
0.7924528301886793
1.0
0.4736842105263158
0.1428571428571429
1.0
0.8648648648648649
0.6857142857142857
0.6666666666666667
0.574468085106383
1.0
0.4
0.5666666666666667
0.7945205479452055
0.5714285714285714
1.0
1.0
1.0
0.8735632183908046
1.0
0.4444444444444444
1.0
1.0
1.0
1.0
0.9292929292929293
1.0
1.0
1.0
1.0
1.0
0.7804878048780488
1.0
1.0
1.0
1.0
1.0
1.0
1.0
0.7407407407407407
1.0
0.6842105263157895
0.2857142857142857
0.7272727272727273
1.0
1.0
1.0
1.0
0.858974358974359
0.125
1.0
0.8
1.0
1.0
0.6206896551724138
1.0
1.0
1.0
1.0
0.8518518518518519
1.0
0.10526315789473684
1.0
1.0
1.0
0.9180327868852459
0.7333333333333334
1.0
0.7272727272727273
0.4
1.0
0.9512195121951219
0.7111111111111111
1.0
0.9230769230769231
0.8
0.5833333333333333
0.2857142857142857
1.0
1.0
1.0
1.0
1.0
0.028169014084507005
1.0
1.0
1.0
1.0
1.0
0.8732394366197183
0.9310344827586207
1.0
1.0
0.9032258064516129
1.0
0.47619047619047616
1.0
1.0
1.0
0.05882352941176472
1.0
0.6829268292682926
1.0
1.0
1.0
1.0
1.0
0.18181818181818177
1.0
0.8235294117647058
0.2222222222222222
1.0
0.88
1.0
1.0
1.0
1.0
0.7763157894736842
1.0
1.0
1.0
0.7272727272727273
0.7
0.9577464788732395
0.98
0.6729857819905214
0.7272727272727273
0.7272727272727273
0.8571428571428572
0.8440366972477065
1.0
0.6136363636363636
0.8503937007874016
1.0
1.0
0.8771929824561404
0.3157894736842105
0.2222222222222222
1.0
0.25
1.0
0.8840579710144928
1.0
0.9714285714285714
1.0
0.7272727272727273
0.26086956521739135
1.0
1.0
0.8333333333333334
0.8611111111111112
0.6470588235294117
1.0
1.0
1.0
1.0
1.0
1.0
1.0
1.0
1.0
0.734375
0.631578947368421
0.7659574468085106
1.0
0.7941176470588236
0.8333333333333334
1.0
0.2857142857142857
0.8
0.4
0.8
1.0
0.6956521739130435
1.0
1.0
1.0
0.8181818181818181
0.6153846153846154
0.6068965517241379
0.8472906403940886
0.8108108108108107
1.0
0.6206896551724138
1.0
1.0
1.0
1.0
0.8085106382978724
1.0
0.2222222222222222
1.0
0.875
1.0
1.0
0.8888888888888888
1.0
1.0
1.0
0.972972972972973
1.0
0.9696969696969697
0.9714285714285714
1.0
0.9333333333333333
1.0
0.9344262295081968
0.8805970149253731
1.0
0.2857142857142857
1.0
0.7272727272727273
0.7619047619047619
0.7272727272727273
0.822429906542056
1.0
0.16666666666666663
1.0
1.0
1.0
0.8888888888888888
1.0
1.0
1.0
1.0
0.9696969696969697
1.0
0.696969696969697
1.0
1.0
0.5257731958762887
0.7272727272727273
0.2857142857142857
1.0
0.4
1.0
1.0
1.0
0.8472222222222222
0.2857142857142857
1.0
0.4
0.7555555555555555
1.0
1.0
0.9166666666666666
1.0
0.9230769230769231
0.7741935483870968
0.9615384615384616
1.0
0.8860759493670887
1.0
1.0
1.0
0.7692307692307692
0.6153846153846154
0.7462686567164178
1.0
0.7058823529411764
0.6885245901639344
0.8
0.125
1.0
0.2857142857142857
1.0
0.6106870229007634
1.0
1.0
0.1333333333333333
0.8571428571428572
1.0
1.0
0.5063291139240507
0.7586206896551724
0.3157894736842105
1.0
0.7272727272727273
1.0
1.0
0.6097560975609756
1.0
1.0
0.6832298136645962
1.0
1.0
1.0
0.8181818181818181
1.0
0.8055555555555556
1.0
0.7272727272727273
0.7777777777777778
0.2857142857142857
0.7272727272727273
1.0
1.0
1.0
0.96875
1.0
0.6618181818181819
0.6909090909090909
0.972972972972973
0.8
1.0
0.2857142857142857
1.0
1.0
0.18181818181818177
0.125
0.8235294117647058
0.2857142857142857
0.7878787878787878
0.1428571428571429
1.0
1.0
1.0
1.0
1.0
1.0
0.6881720430107527
0.6666666666666667
0.96
0.9701492537313433
0.7906976744186046
1.0
1.0
1.0
1.0
1.0
0.1333333333333333
0.18181818181818177
0.7391304347826086
1.0
1.0
1.0
0.8062015503875969
1.0
1.0
0.6451612903225806
1.0
1.0
1.0
1.0
0.8611111111111112
1.0
1.0
1.0
1.0
1.0
0.8571428571428572
0.2857142857142857
0.7272727272727273
1.0
1.0
1.0
1.0
0.9261744966442953
1.0
1.0
0.7272727272727273
0.963855421686747
0.6699507389162562
0.8432432432432433
0.7659574468085106
0.7435897435897436
1.0
0.9852941176470589
1.0
1.0
1.0
1.0
1.0
1.0
1.0
0.16666666666666663
0.9811320754716981
1.0
1.0
0.9772727272727273
1.0
1.0
1.0
1.0
1.0
1.0
0.9333333333333333
1.0
1.0
1.0
1.0
0.31746031746031744
0.2222222222222222
0.8615384615384616
1.0
1.0
1.0
0.75
0.6756756756756757
0.4
0.4
0.7058823529411764
0.2857142857142857
0.8235294117647058
1.0
1.0
1.0
1.0
1.0
0.9090909090909091
1.0
1.0
0.6222222222222222
1.0
1.0
0.7671232876712328
1.0
1.0
0.8888888888888888
1.0
1.0
1.0
1.0
1.0
1.0
0.891566265060241
1.0
0.6875
0.7272727272727273
0.7272727272727273
0.7936507936507937
0.8227848101265822
0.7745664739884393
1.0
0.7391304347826086
0.8169014084507042
1.0
1.0
0.25
1.0
1.0
1.0
1.0
1.0
0.41666666666666663
1.0
1.0
1.0
0.16666666666666663
1.0
1.0
0.9811320754716981
0.8867924528301887
0.7272727272727273
0.19999999999999996
0.4
0.7461139896373057
0.1428571428571429
1.0
1.0
0.7307692307692308
1.0
1.0
1.0
1.0
1.0
1.0
1.0
0.9090909090909091
1.0
1.0
1.0
1.0
0.18181818181818177
0.9298245614035088
1.0
0.6451612903225806
0.679245283018868
1.0
1.0
0.6904761904761905
1.0
1.0
0.9523809523809523
0.5333333333333333
1.0
1.0
0.2222222222222222
0.9512195121951219
0.8888888888888888
0.6666666666666667
0.27586206896551724
1.0
1.0
0.9302325581395349
1.0
1.0
1.0
0.8205128205128205
1.0
1.0
0.2807017543859649
1.0
1.0
1.0
0.8022598870056497
0.9166666666666666
1.0
1.0
0.8220858895705522
0.7272727272727273
0.775
0.9
0.912751677852349
0.08333333333333337
1.0
0.7272727272727273
0.8974358974358975
1.0
1.0
0.966183574879227
0.16666666666666663
1.0
1.0
1.0
1.0
0.9583333333333334
1.0
0.736842105263158
1.0
0.7272727272727273
1.0
0.7272727272727273
1.0
1.0
0.8947368421052632
0.8907563025210083
1.0
1.0
1.0
0.2857142857142857
1.0
1.0
0.84
0.08695652173913049
1.0
1.0
1.0
1.0
0.8857142857142857
0.6872586872586872
0.04255319148936165
1.0
1.0
0.9487179487179487
0.08695652173913049
1.0
0.6666666666666667
1.0
0.8478260869565217
0.6153846153846154
0.8275862068965517
1.0
1.0
1.0
1.0
0.9705882352941176
0.11764705882352944
1.0
0.8275862068965517
1.0
0.7027027027027026
1.0
1.0
0.8285714285714285
1.0
0.96
0.9056603773584906
0.88
1.0
0.7975460122699387
0.9879518072289156
1.0
1.0
0.7272727272727273
0.9411764705882353
1.0
0.8484848484848485
0.7397260273972603
1.0
1.0
1.0
1.0
1.0
0.962962962962963
0.8571428571428572
0.7272727272727273
0.03448275862068961
0.7272727272727273
1.0
0.8122270742358079
0.9318181818181819
1.0
0.9189189189189189
1.0
0.7272727272727273
1.0
0.6086956521739131
1.0
0.4516129032258065
1.0
0.736842105263158
0.64
0.28415300546448086
0.2222222222222222
1.0
1.0
1.0
1.0
0.6862745098039216
1.0
1.0
1.0
1.0
1.0
0.5633802816901409
1.0
0.4
0.6153846153846154
1.0
1.0
1.0
1.0
1.0
1.0
1.0
1.0
1.0
0.4
0.8865979381443299
1.0
1.0
1.0
1.0
1.0
0.2727272727272727
0.6666666666666667
0.2857142857142857
1.0
1.0
1.0
1.0
1.0
0.6796116504854368
0.43609022556390975
0.92
1.0
0.625
1.0
0.92
1.0
0.9230769230769231
1.0
1.0
0.19999999999999996
0.12
1.0
1.0
0.2222222222222222
1.0
0.2222222222222222
0.1333333333333333
0.09999999999999998
0.922077922077922
1.0
0.2222222222222222
0.780952380952381
0.7058823529411764
0.65625
0.6851851851851851
1.0
1.0
1.0
1.0
0.2666666666666667
0.7682926829268293
0.41666666666666663
0.18181818181818177
0.7747747747747747
0.1428571428571429
1.0
0.2666666666666667
0.6458333333333333
1.0
1.0
0.15384615384615385
1.0
1.0
0.1558441558441559
1.0
0.5294117647058824
1.0
1.0
0.18181818181818177
1.0
0.95
1.0
0.9032258064516129
0.33333333333333337
1.0
1.0
0.8717948717948718
0.7323943661971831
1.0
0.72
0.5964912280701755
0.8405797101449275
1.0
0.735632183908046
1.0
1.0
0.8979591836734694
1.0
0.24
0.7901234567901234
1.0
0.85
0.967032967032967
1.0
0.7008547008547008
1.0
0.2857142857142857
0.2857142857142857
0.7868852459016393
0.6590909090909092
0.711864406779661
0.6754966887417219
0.04347826086956519
0.6642066420664207
0.3783783783783784
0.8888888888888888
1.0
1.0
1.0
0.4217687074829932
1.0
0.7073170731707317
1.0
1.0
1.0
0.6923076923076923
0.7925407925407926
0.2857142857142857
0.875
1.0
1.0
0.96
1.0
0.2857142857142857
1.0
0.18181818181818177
1.0
1.0
1.0
0.09999999999999998
0.6976744186046512
0.41666666666666663
0.09999999999999998
1.0
1.0
1.0
0.4
1.0
1.0
1.0
0.15384615384615385
1.0
0.6080760095011877
1.0
0.875
1.0
1.0
0.19999999999999996
1.0
0.96875
0.33333333333333337
1.0
0.6310160427807487
1.0
1.0
1.0
0.8292682926829268
1.0
0.7445255474452555
0.8888888888888888
0.32835820895522383
0.6944444444444444
0.05128205128205132
0.4
0.513157894736842
1.0
0.7088607594936709
1.0
0.653061224489796
0.6015625
0.9285714285714286
0.5066666666666666
0.8235294117647058
1.0
1.0
1.0
0.6190476190476191
0.9722222222222222
1.0
1.0
1.0
0.6666666666666667
1.0
0.7755102040816326
1.0
1.0
0.5294117647058824
1.0
0.35820895522388063
0.4
1.0
0.8823529411764706
0.039215686274509776
1.0
0.18181818181818177
0.3733333333333333
0.88
0.875
0.96875
0.8952380952380953
0.6666666666666667
1.0
0.9821428571428571
1.0
0.7837837837837838
0.025316455696202556
0.4
1.0
1.0
1.0
0.8888888888888888
1.0
1.0
1.0
0.0625
1.0
1.0
1.0
1.0
0.6956521739130435
1.0
1.0
1.0
0.9411764705882353
1.0
0.847457627118644
1.0
0.2222222222222222
0.9666666666666667
0.7636363636363637
0.6721311475409837
0.8297872340425532
1.0
0.8842105263157894
0.5
0.17391304347826086
1.0
1.0
1.0
0.797979797979798
0.27450980392156865
0.14814814814814814
1.0
0.16666666666666663
1.0
0.2222222222222222
1.0
1.0
0.3076923076923077
0.2857142857142857
0.8571428571428572
0.26315789473684215
1.0
0.18181818181818177
0.7804878048780488
1.0
0.56
0.8888888888888888
0.9230769230769231
1.0
1.0
0.7657142857142857
1.0
0.8923076923076922
1.0
0.5689655172413793
1.0
0.5480769230769231
1.0
0.9333333333333333
0.6165413533834587
1.0
0.6136363636363636
0.5899280575539568
0.9242424242424242
0.7596153846153846
1.0
1.0
1.0
1.0
0.18181818181818177
1.0
1.0
1.0
0.9803921568627451
1.0
1.0
0.03508771929824561
1.0
1.0
1.0
1.0
1.0
1.0
1.0
1.0
0.6923076923076923
0.8705882352941177
1.0
0.967741935483871
0.7272727272727273
1.0
0.9411764705882353
0.96
0.2857142857142857
0.2857142857142857
0.8888888888888888
0.595959595959596
0.9206349206349207
1.0
0.5555555555555556
1.0
1.0
0.8780487804878049
0.9824561403508771
0.6666666666666667
1.0
1.0
0.0273972602739726
1.0
0.9705882352941176
1.0
0.3481481481481481
0.4723247232472325
0.7888198757763976
0.968609865470852
1.0
1.0
0.9150326797385621
0.9008264462809917
0.6839378238341969
1.0
0.07692307692307687
0.6834170854271358
0.9545454545454546
0.42105263157894735
0.48
0.75177304964539
0.5882352941176471
1.0
0.9591836734693877
1.0
1.0
0.6470588235294117
1.0
1.0
1.0
0.975
0.7272727272727273
0.7407407407407407
0.9308176100628931
1.0
0.7894736842105263
0.48275862068965514
1.0
0.7709923664122138
1.0
1.0
1.0
1.0
1.0
0.6991869918699187
1.0
0.8444444444444444
0.9642857142857143
1.0
1.0
1.0
0.9701492537313433
1.0
0.907563025210084
1.0
1.0
1.0
0.8409090909090909
0.7238095238095238
1.0
1.0
1.0
0.9491525423728814
1.0
1.0
0.7058823529411764
1.0
1.0
1.0
0.9795918367346939
0.9281767955801105
0.7482993197278911
0.926829268292683
0.32727272727272727
1.0
0.8653061224489795
0.9256198347107438
0.9315068493150684
0.9375
0.4516129032258065
0.631578947368421
0.2857142857142857
1.0
0.9
1.0
1.0
1.0
1.0
0.2857142857142857
0.19999999999999996
0.9743589743589743
1.0
1.0
0.8125
0.9259259259259259
1.0
0.7058823529411764
1.0
1.0
0.8217821782178218
0.9385474860335196
1.0
0.6580645161290323
1.0
1.0
1.0
1.0
1.0
0.7786259541984732
1.0
1.0
1.0
1.0
0.47058823529411764
0.759090909090909
0.6459627329192547
0.8199445983379501
0.8695652173913043
0.7213114754098361
1.0
1.0
1.0
0.7788778877887789
1.0
0.9468085106382979
0.5714285714285714
0.7008547008547008
0.752212389380531
0.8636363636363636
0.9647058823529412
0.9320388349514563
0.8387096774193549
0.7272727272727273
1.0
0.9393939393939394
0.7746478873239436
0.9166666666666666
1.0
1.0
1.0
0.2790697674418605
0.5
0.7659574468085106
1.0
1.0
1.0
1.0
0.8
1.0
1.0
1.0
0.2857142857142857
1.0
0.537037037037037
1.0
1.0
1.0
1.0
0.8813559322033898
1.0
0.2857142857142857
0.16666666666666663
0.7391304347826086
0.7453416149068324
0.8870967741935484
0.663677130044843
1.0
0.4
1.0
1.0
1.0
0.9107692307692308
0.7704918032786885
0.9552238805970149
1.0
0.3827751196172249
1.0
0.8888888888888888
0.8928571428571429
1.0
0.9456521739130435
0.7818181818181819
0.9555555555555556
0.782608695652174
0.7627118644067796
1.0
0.5882352941176471
1.0
0.9333333333333333
0.9117647058823529
0.8888888888888888
1.0
1.0
0.7717842323651453
0.8571428571428572
0.975609756097561
0.85
1.0
0.7692307692307692
0.8181818181818181
0.9032258064516129
1.0
0.9193548387096774
1.0
0.9411764705882353
1.0
1.0
1.0
1.0
1.0
1.0
1.0
1.0
1.0
0.8163265306122449
1.0
0.7555555555555555
0.2857142857142857
0.8258706467661692
0.8390804597701149
1.0
1.0
1.0
0.7857142857142857
1.0
1.0
0.8615384615384616
1.0
0.9019607843137255
0.9761904761904762
0.9647058823529412
0.891025641025641
0.9857142857142858
0.6
0.6766169154228856
0.81524926686217
0.6956521739130435
0.4
0.5714285714285714
0.1333333333333333
0.897119341563786
0.8825622775800712
0.8565400843881856
0.8
1.0
0.6645367412140575
0.2857142857142857
1.0
1.0
0.5333333333333333
1.0
0.7272727272727273
1.0
1.0
0.9743589743589743
1.0
1.0
0.9772727272727273
0.9259259259259259
0.8392857142857143
0.75
0.8333333333333334
1.0
1.0
0.7692307692307692
0.6506024096385542
1.0
1.0
0.8433734939759037
1.0
0.8085106382978724
1.0
1.0
1.0
1.0
1.0
1.0
0.8153846153846154
0.9803921568627451
0.8549019607843137
0.9440993788819876
0.4508196721311475
0.8828125
0.9183673469387755
1.0
1.0
1.0
0.9173553719008265
0.96875
1.0
0.8888888888888888
0.8607594936708861
0.8705882352941177
0.8493150684931507
0.6798679867986799
0.9764705882352941
0.9122807017543859
0.9253731343283582
0.8932038834951457
0.125
0.7337278106508875
0.8888888888888888
1.0
1.0
1.0
0.4925373134328358
1.0
0.9166666666666666
0.6435643564356436
0.2222222222222222
1.0
0.16666666666666663
1.0
1.0
1.0
0.4
0.8360655737704918
1.0
0.2857142857142857
0.4
1.0
1.0
1.0
1.0
0.375
0.10526315789473684
0.736842105263158
1.0
1.0
1.0
0.5433070866141732
1.0
1.0
1.0
1.0
1.0
1.0
1.0
0.9005235602094241
0.39160839160839156
1.0
0.9753086419753086
0.9285714285714286
0.9821428571428571
0.7553648068669527
0.8641114982578397
1.0
1.0
1.0
0.5111111111111111
0.9061224489795918
0.9030470914127424
0.9102167182662538
0.8
0.88
0.704225352112676
1.0
0.2857142857142857
1.0
0.7636363636363637
1.0
0.9514563106796117
0.19999999999999996
0.7647058823529411
0.41975308641975306
1.0
0.3414634146341463
1.0
1.0
1.0
0.6666666666666667
1.0
1.0
1.0
0.675
1.0
0.2857142857142857
1.0
1.0
1.0
0.8888888888888888
0.9838709677419355
0.8372093023255813
0.42937853107344637
1.0
1.0
0.5833333333333333
1.0
0.8202531645569621
1.0
0.9859154929577465
0.7472527472527473
0.9344262295081968
0.8349514563106796
0.9230769230769231
0.9230769230769231
1.0
0.7017543859649122
0.9333333333333333
0.96875
1.0
0.8608695652173913
0.7951807228915663
0.5560975609756098
0.9090909090909091
0.927536231884058
1.0
1.0
0.9050279329608939
0.9444444444444444
1.0
1.0
1.0
0.8169014084507042
1.0
1.0
0.7272727272727273
1.0
0.7887323943661972
1.0
0.7272727272727273
1.0
0.4
0.4649122807017544
0.4117647058823529
0.9411764705882353
1.0
0.906832298136646
1.0
1.0
1.0
1.0
0.33333333333333337
0.8888888888888888
0.26086956521739135
1.0
0.6476190476190475
1.0
1.0
0.9230769230769231
1.0
1.0
0.7945205479452055
0.8382838283828383
0.8502994011976048
0.4747474747474747
0.953125
0.646551724137931
1.0
0.9230769230769231
1.0
0.9589041095890412
0.8677685950413223
0.9333333333333333
0.9254901960784314
0.8461538461538461
0.6524064171122994
0.5
0.8888888888888888
0.8297872340425532
0.9253731343283582
1.0
0.9155844155844156
0.9444444444444444
0.8888888888888888
1.0
0.24
1.0
1.0
0.8264462809917356
1.0
0.8205128205128205
0.4
0.8571428571428572
0.6086956521739131
1.0
1.0
1.0
0.8860759493670887
1.0
1.0
1.0
0.2222222222222222
0.8947368421052632
1.0
1.0
0.6322580645161291
1.0
1.0
0.3695652173913043
1.0
1.0
0.4
0.6106870229007634
0.2727272727272727
1.0
1.0
0.8888888888888888
0.975
0.9099099099099099
0.9042553191489362
0.9016393442622951
1.0
0.9230769230769231
0.7889273356401384
0.8235294117647058
0.8029739776951673
1.0
1.0
0.8813559322033898
1.0
1.0
0.9850746268656716
1.0
1.0
0.9122807017543859
1.0
1.0
1.0
1.0
1.0
1.0
1.0
0.11764705882352944
1.0
1.0
1.0
1.0
1.0
1.0
1.0
1.0
1.0
1.0
0.8314606741573034
1.0
1.0
0.9090909090909091
1.0
0.9090909090909091
1.0
1.0
0.2222222222222222
0.1428571428571429
0.26086956521739135
0.1333333333333333
0.9565217391304348
0.5087719298245614
1.0
1.0
0.05555555555555558
0.6051282051282052
0.4897959183673469
0.775
0.6666666666666667
1.0
0.5384615384615384
1.0
0.5818181818181818
1.0
1.0
0.5185185185185186
1.0
1.0
0.19999999999999996
0.6976744186046512
0.2857142857142857
1.0
1.0
0.1428571428571429
1.0
0.6428571428571428
1.0
0.3157894736842105
0.6666666666666667
0.6551724137931034
0.481675392670157
1.0
1.0
0.8421052631578947
0.5368421052631579
0.11111111111111116
0.6756756756756757
0.72
0.46153846153846156
0.5789473684210527
1.0
0.9291338582677166
0.7147766323024055
0.5357142857142857
0.9428571428571428
0.6
1.0
0.95
0.7045454545454546
1.0
1.0
1.0
0.8148148148148149
0.7014925373134329
1.0
1.0
0.9666666666666667
1.0
0.6355140186915889
1.0
1.0
0.28985507246376807
0.9743589743589743
0.2857142857142857
1.0
0.8108108108108107
1.0
0.10526315789473684
1.0
0.4
1.0
1.0
0.9438202247191011
0.6506024096385542
0.5822784810126582
1.0
0.8623853211009174
0.5882352941176471
0.75
1.0
0.8225806451612903
1.0
0.032258064516129004
0.09999999999999998
0.9090909090909091
0.2222222222222222
1.0
0.631578947368421
0.5957446808510638
0.11111111111111116
0.6368715083798883
0.07999999999999996
0.736842105263158
0.6222222222222222
0.7951807228915663
0.5076923076923077
0.7659574468085106
0.06896551724137934
1.0
0.859375
0.6222222222222222
1.0
1.0
0.9
1.0
0.5132743362831859
0.9043478260869565
1.0
0.6341463414634146
0.17391304347826086
0.33333333333333337
0.3287671232876712
0.5410628019323671
0.5669291338582677
0.09090909090909094
0.5769230769230769
0.8461538461538461
1.0
0.6956521739130435
0.19999999999999996
0.7547169811320755
0.9428571428571428
0.2857142857142857
0.7692307692307692
0.8333333333333334
0.0444444444444444
1.0
0.6614173228346456
0.7619047619047619
0.7204968944099379
0.6617647058823529
0.16666666666666663
0.18181818181818177
0.6976744186046512
1.0
0.6538461538461539
0.1839080459770115
0.33333333333333337
1.0
0.8888888888888888
1.0
0.16666666666666663
0.8421052631578947
1.0
1.0
1.0
0.30000000000000004
0.7804878048780488
0.653061224489796
1.0
1.0
0.5202312138728324
0.8
1.0
1.0
0.2222222222222222
1.0
0.5436893203883495
0.9428571428571428
1.0
0.3921568627450981
0.78125
0.8536585365853658
1.0
0.7461139896373057
0.7640449438202247
0.3348017621145375
0.6352941176470588
0.125
0.19999999999999996
1.0
0.19999999999999996
0.6666666666666667
0.011904761904761862
0.653061224489796
0.9166666666666666
0.9090909090909091
0.76
0.9117647058823529
0.6363636363636364
0.896551724137931
1.0
0.8
1.0
0.5606060606060606
1.0
1.0
0.46153846153846156
1.0
0.704225352112676
0.6458333333333333
0.8928571428571429
0.967741935483871
0.7425742574257426
0.7719298245614035
1.0
0.45378151260504207
1.0
1.0
1.0
0.23728813559322037
0.09523809523809523
0.8062015503875969
1.0
1.0
1.0
1.0
0.10526315789473684
1.0
0.6086956521739131
1.0
0.6923076923076923
0.8279569892473118
0.7843137254901961
1.0
1.0
0.9375
1.0
0.8253968253968254
0.050000000000000044
0.0239520958083832
1.0
0.4591836734693877
0.735632183908046
0.27439024390243905
0.8870967741935484
0.7146067415730337
0.7540983606557377
1.0
1.0
1.0
0.6103286384976525
0.6122448979591837
1.0
1.0
1.0
0.026666666666666616
0.16666666666666663
0.9166666666666666
1.0
0.6
0.7741935483870968
0.625
0.4
1.0
0.8787878787878788
1.0
1.0
0.6296296296296297
0.5333333333333333
1.0
1.0
1.0
0.7380952380952381
1.0
1.0
0.9047619047619048
0.6564885496183206
0.64
1.0
0.8275862068965517
0.5283018867924528
0.5714285714285714
0.6015625
0.6864686468646864
0.8974358974358975
0.327433628318584
0.694300518134715
1.0
0.8737864077669903
1.0
1.0
0.9444444444444444
0.8041237113402062
1.0
1.0
1.0
1.0
1.0
1.0
1.0
0.5510204081632653
0.9863013698630136
1.0
1.0
1.0
1.0
0.9855072463768116
1.0
1.0
1.0
1.0
1.0
1.0
1.0
0.76
0.7058823529411764
1.0
0.5454545454545454
0.8095238095238095
1.0
0.8275862068965517
0.5714285714285714
0.8244274809160306
0.5
0.6521739130434783
0.7352941176470589
0.897196261682243
0.8571428571428572
0.7228915662650602
0.37037037037037035
1.0
0.2222222222222222
0.03448275862068961
1.0
0.8372093023255813
1.0
0.8909090909090909
1.0
1.0
0.891566265060241
1.0
0.4078947368421053
1.0
0.8484848484848485
0.10526315789473684
1.0
0.6451612903225806
0.9090909090909091
1.0
0.2857142857142857
1.0
0.9333333333333333
1.0
0.8111111111111111
1.0
1.0
1.0
1.0
0.6892655367231638
0.7226890756302521
0.7142857142857143
0.9175257731958762
0.9469026548672567
0.5259515570934257
0.8376068376068376
0.9142857142857143
0.9852216748768473
1.0
0.8837209302325582
1.0
1.0
1.0
0.9066666666666666
0.5349794238683128
0.2857142857142857
0.9285714285714286
1.0
0.5609756097560976
0.3846153846153846
1.0
0.9180327868852459
0.7077922077922079
1.0
1.0
0.9454545454545454
1.0
1.0
0.5725190839694656
1.0
0.4522613065326633
0.631578947368421
1.0
0.6813186813186813
0.8767123287671232
1.0
0.5555555555555556
1.0
1.0
1.0
0.522875816993464
0.7123287671232876
0.9090909090909091
0.9076923076923077
0.5906735751295337
0.8292682926829268
1.0
0.8217821782178218
1.0
1.0
0.5277777777777778
1.0
1.0
1.0
1.0
1.0
1.0
1.0
0.6666666666666667
0.34615384615384615
0.19047619047619047
1.0
0.8333333333333334
0.8484848484848485
0.45833333333333337
1.0
0.8217054263565892
0.07692307692307687
0.6506024096385542
0.06666666666666665
0.6685236768802229
1.0
1.0
0.5112107623318385
1.0
1.0
0.6853146853146853
1.0
1.0
1.0
0.16666666666666663
0.6808510638297872
0.8616352201257862
0.7346938775510203
1.0
0.9846153846153847
0.28888888888888886
0.9595959595959596
0.6554621848739496
0.2222222222222222
0.7137809187279152
1.0
0.972972972972973
0.2222222222222222
1.0
0.6153846153846154
0.2222222222222222
1.0
1.0
0.30000000000000004
1.0
1.0
1.0
0.10526315789473684
1.0
0.625
0.43181818181818177
0.7155172413793103
1.0
1.0
0.09523809523809523
0.2857142857142857
1.0
0.038461538461538436
1.0
0.78125
0.8941176470588236
0.845360824742268
1.0
1.0
0.09090909090909094
0.040000000000000036
0.2857142857142857
0.6593406593406593
1.0
1.0
0.9
1.0
0.7153284671532847
1.0
1.0
1.0
0.803030303030303
0.8725490196078431
0.625
1.0
0.15384615384615385
1.0
1.0
0.03448275862068961
1.0
0.5172413793103448
0.9072164948453608
0.9166666666666666
0.1428571428571429
0.95
0.6153846153846154
0.625
1.0
0.2857142857142857
0.14117647058823535
0.6923076923076923
0.0625
1.0
1.0
0.95
1.0
1.0
0.8242424242424242
0.967741935483871
0.9565217391304348
1.0
0.2222222222222222
1.0
0.8031496062992126
1.0
0.558303886925795
0.5765765765765766
0.7027027027027026
0.4918032786885246
0.5825242718446602
1.0
1.0
1.0
0.6943396226415095
1.0
0.15384615384615385
1.0
1.0
0.9767441860465116
0.05882352941176472
0.5948275862068966
0.8
0.2666666666666667
1.0
0.6307053941908713
1.0
0.15384615384615385
0.935483870967742
0.08695652173913049
0.6666666666666667
1.0
0.6956521739130435
0.8108108108108107
0.8571428571428572
1.0
1.0
1.0
0.9189189189189189
1.0
0.2857142857142857
1.0
1.0
0.8896103896103896
0.5515873015873016
0.4
0.9473684210526316
1.0
0.6136986301369862
0.6666666666666667
1.0
1.0
1.0
0.6996197718631179
0.1428571428571429
0.03076923076923077
1.0
1.0
1.0
1.0
0.5609756097560976
0.3846153846153846
1.0
0.9180327868852459
0.7077922077922079
1.0
1.0
0.9454545454545454
1.0
1.0
0.5725190839694656
1.0
0.8241758241758241
0.6956521739130435
0.9323308270676691
1.0
1.0
0.7131782945736433
1.0
0.9714285714285714
1.0
1.0
1.0
0.92
0.9848484848484849
0.7756410256410257
0.9230769230769231
0.7753846153846153
0.7027027027027026
0.4918032786885246
1.0
0.8841201716738197
1.0
1.0
0.7249190938511327
0.5980392156862745
1.0
1.0
1.0
1.0
1.0
0.8648648648648649
1.0
0.2222222222222222
1.0
1.0
1.0
0.15384615384615385
1.0
0.7526881720430108
0.5510204081632653
1.0
1.0
1.0
1.0
1.0
0.9111111111111111
1.0
1.0
0.6773455377574371
1.0
0.6842105263157895
1.0
1.0
0.8368794326241135
0.4872389791183295
0.8920863309352518
1.0
1.0
1.0
1.0
1.0
1.0
1.0
1.0
0.8888888888888888
1.0
1.0
1.0
1.0
0.9245283018867925
1.0
1.0
1.0
1.0
1.0
1.0
0.19999999999999996
0.5737704918032787
0.4098360655737705
1.0
0.7704918032786885
1.0
1.0
1.0
1.0
1.0
0.7330316742081449
0.8256880733944953
1.0
0.83206106870229
1.0
1.0
1.0
0.8888888888888888
1.0
0.8037383177570093
1.0
1.0
1.0
1.0
1.0
0.6274509803921569
1.0
1.0
1.0
1.0
1.0
1.0
1.0
0.48
1.0
1.0
0.9139072847682119
1.0
0.07999999999999996
1.0
1.0
1.0
1.0
0.9754098360655737
1.0
1.0
1.0
1.0
0.7619047619047619
0.8260869565217391
0.6328125
1.0
1.0
0.9777777777777777
0.8888888888888888
1.0
1.0
1.0
0.9117647058823529
1.0
1.0
0.6571428571428571
1.0
1.0
0.875
0.4
1.0
1.0
1.0
1.0
1.0
1.0
1.0
1.0
1.0
0.6538461538461539
0.2222222222222222
1.0
0.1428571428571429
0.6590909090909092
0.6734693877551021
0.4508670520231214
0.7101449275362319
1.0
1.0
1.0
0.6772908366533865
1.0
1.0
1.0
1.0
0.9178082191780822
0.7483870967741936
1.0
0.1428571428571429
0.8888888888888888
0.5190839694656488
0.8461538461538461
1.0
1.0
1.0
1.0
1.0
1.0
0.24242424242424243
1.0
0.04166666666666663
0.85
0.7357142857142858
0.6799999999999999
0.33333333333333337
1.0
0.8048780487804879
1.0
0.8711111111111112
0.8148148148148149
0.6639999999999999
0.8932038834951457
0.7948717948717949
1.0
1.0
1.0
1.0
1.0
1.0
1.0
1.0
1.0
1.0
1.0
1.0
1.0
1.0
1.0
1.0
1.0
1.0
1.0
0.10126582278481011
0.9072164948453608
0.05714285714285716
1.0
1.0
1.0
0.06896551724137934
1.0
1.0
0.18181818181818177
0.6367924528301887
0.6958762886597938
0.7875354107648725
0.8888888888888888
0.6723768736616702
0.898989898989899
0.8865979381443299
0.7980295566502463
0.5365853658536586
1.0
0.8888888888888888
1.0
1.0
1.0
0.75177304964539
1.0
1.0
0.7894736842105263
0.8888888888888888
0.7927927927927928
0.8260869565217391
1.0
0.7478260869565218
1.0
1.0
1.0
0.46808510638297873
1.0
0.45833333333333337
1.0
0.8805970149253731
1.0
0.6326530612244898
1.0
1.0
1.0
0.15384615384615385
0.610062893081761
0.7834394904458599
1.0
0.6006825938566553
0.9184549356223176
0.765625
0.6062992125984252
0.6923076923076923
1.0
1.0
1.0
1.0
1.0
1.0
1.0
0.47457627118644063
1.0
1.0
1.0
0.4
1.0
1.0
0.2857142857142857
1.0
0.5384615384615384
1.0
0.9014084507042254
1.0
1.0
1.0
1.0
1.0
1.0
0.08695652173913049
0.7681159420289855
0.7755102040816326
0.752
0.801980198019802
0.9482758620689655
0.8613138686131387
0.7664670658682635
1.0
1.0
1.0
1.0
1.0
1.0
1.0
1.0
1.0
1.0
0.5185185185185186
1.0
1.0
0.88
1.0
1.0
1.0
0.2857142857142857
0.05714285714285716
0.6727272727272727
1.0
1.0
1.0
1.0
1.0
0.2857142857142857
0.6428571428571428
0.6417445482866044
0.4709897610921502
1.0
0.9411764705882353
0.6763285024154589
0.06666666666666665
0.875
0.7777777777777778
1.0
1.0
0.8888888888888888
1.0
1.0
1.0
1.0
1.0
1.0
0.9743589743589743
1.0
1.0
1.0
0.4
0.7073170731707317
1.0
1.0
1.0
0.09999999999999998
0.08571428571428574
1.0
1.0
0.45739910313901344
1.0
1.0
1.0
0.43956043956043955
0.6219512195121951
0.6956521739130435
0.8
1.0
1.0
0.9161290322580645
0.8226950354609929
1.0
1.0
1.0
1.0
1.0
1.0
1.0
1.0
0.9285714285714286
0.1428571428571429
1.0
1.0
0.8214285714285714
1.0
0.19565217391304346
0.8188405797101449
1.0
0.9130434782608696
1.0
0.9298245614035088
1.0
0.4
1.0
0.8
0.02352941176470591
0.713375796178344
1.0
1.0
1.0
0.6206896551724138
0.4954128440366973
1.0
0.11764705882352944
0.9130434782608696
1.0
0.13888888888888884
0.8108108108108107
1.0
1.0
0.09090909090909094
1.0
1.0
1.0
1.0
0.25806451612903225
1.0
0.18181818181818177
0.09523809523809523
1.0
0.7741935483870968
1.0
1.0
1.0
0.1333333333333333
1.0
0.2222222222222222
0.736842105263158
0.08333333333333337
0.8918918918918919
1.0
0.015873015873015928
0.5333333333333333
0.2857142857142857
0.65
1.0
0.024390243902439046
1.0
1.0
1.0
0.5591397849462365
0.7350427350427351
0.7608695652173914
0.7936507936507937
0.9523809523809523
0.6466165413533835
0.06896551724137934
1.0
1.0
1.0
1.0
1.0
1.0
0.9333333333333333
1.0
1.0
0.7938144329896908
0.8
1.0
0.8536585365853658
1.0
0.8918918918918919
1.0
0.7346938775510203
0.39534883720930236
0.052631578947368474
0.1428571428571429
1.0
0.7441860465116279
0.8363636363636364
1.0
1.0
1.0
0.9444444444444444
0.15533980582524276
1.0
0.8315412186379928
0.7294117647058824
0.8
0.9090909090909091
0.9017341040462428
1.0
1.0
1.0
1.0
0.2222222222222222
0.33333333333333337
1.0
0.4
0.6666666666666667
0.9444444444444444
0.8202247191011236
0.040000000000000036
0.09523809523809523
0.6837606837606838
1.0
1.0
1.0
1.0
0.21052631578947367
0.967741935483871
1.0
0.944
0.5494505494505495
1.0
0.5737704918032787
0.5211267605633803
0.2857142857142857
0.7922077922077921
1.0
1.0
1.0
0.46153846153846156
1.0
1.0
0.5333333333333333
1.0
1.0
0.962962962962963
1.0
1.0
1.0
0.7702702702702703
1.0
0.4
1.0
1.0
0.3561643835616438
0.1333333333333333
0.8035714285714286
1.0
0.9047619047619048
0.8484848484848485
0.8376068376068376
1.0
0.16666666666666663
0.5494505494505495
0.5
0.26086956521739135
1.0
1.0
1.0
0.925
1.0
0.15384615384615385
1.0
1.0
0.9420289855072463
1.0
0.5316455696202531
0.8089887640449438
0.11764705882352944
0.9142857142857143
1.0
0.8590604026845637
0.8549618320610687
0.6961325966850829
1.0
0.8571428571428572
0.07692307692307687
0.046511627906976716
1.0
1.0
0.5426356589147288
0.5934065934065934
1.0
0.7407407407407407
1.0
0.18181818181818177
1.0
1.0
0.9263157894736842
0.4
1.0
1.0
1.0
1.0
1.0
1.0
0.2222222222222222
0.04878048780487809
0.6923076923076923
0.4
0.9189189189189189
0.2222222222222222
0.6764705882352942
0.18181818181818177
1.0
1.0
1.0
0.6091370558375635
0.6875
0.8809523809523809
1.0
1.0
1.0
1.0
0.16666666666666663
1.0
0.6268656716417911
0.7450980392156863
0.0821917808219178
0.5
1.0
0.8729281767955801
0.6206896551724138
0.07692307692307687
1.0
1.0
0.868421052631579
1.0
1.0
1.0
1.0
0.3157894736842105
1.0
0.5454545454545454
0.7126436781609196
1.0
0.9026548672566371
1.0
0.7710843373493976
1.0
0.5238095238095238
0.3646408839779005
0.2857142857142857
0.19999999999999996
0.8846153846153846
0.4907407407407407
1.0
0.8666666666666667
1.0
0.07692307692307687
1.0
1.0
0.4
0.5813953488372092
1.0
1.0
0.7394957983193278
1.0
0.9090909090909091
1.0
1.0
1.0
1.0
0.9166666666666666
1.0
1.0
1.0
1.0
1.0
1.0
1.0
1.0
1.0
1.0
0.11764705882352944
1.0
0.6725663716814159
1.0
0.2222222222222222
0.6
1.0
0.505050505050505
0.7288888888888889
1.0
1.0
0.2222222222222222
1.0
0.95
0.8888888888888888
1.0
0.8604651162790697
0.85
0.1333333333333333
1.0
1.0
0.9195402298850575
1.0
0.9545454545454546
1.0
0.87248322147651
0.6111111111111112
1.0
0.4
0.8780487804878049
1.0
1.0
0.6025641025641026
0.7945205479452055
0.2857142857142857
1.0
0.7751937984496124
1.0
0.6666666666666667
0.7884615384615384
0.7608695652173914
0.052631578947368474
0.7317073170731707
1.0
1.0
0.8
0.4380952380952381
1.0
0.48484848484848486
1.0
0.7195121951219512
0.36363636363636365
0.75
1.0
1.0
1.0
1.0
0.3650793650793651
1.0
1.0
0.6178861788617886
1.0
0.9230769230769231
1.0
0.8600682593856656
1.0
0.5
1.0
0.6190476190476191
1.0
1.0
1.0
1.0
0.5797101449275363
0.5416666666666667
0.7727272727272727
0.2222222222222222
0.6
1.0
1.0
1.0
0.8727272727272728
0.8444444444444444
1.0
1.0
0.9411764705882353
1.0
1.0